
    STEP   DAMPING               NORMS              COMPUTATION TIMES
  IT SIT     GAMMA     ||d||     ||f||     ||U||   F(x)  DF(x)  SOLVE
   0                          1.71e-02  1.65e+01    0.0    0.0    0.0
   1   1  1.00e+00  9.76e-03  7.29e-07  1.65e+01    0.0    0.0    0.0
   2   1  1.00e+00  1.14e-04  9.71e-11  1.65e+01    0.0    0.1    0.0
   3   1  1.00e+00  1.51e-09  4.27e-15  1.65e+01    0.0    0.1    0.0

 STEP      TIME        ||U||  LABEL  TYPE     po.period            T            A
    0  00:00:00   1.6492e+01      1  EP      6.0189e+00   6.0189e+00   1.5000e-02
    1  00:00:00   1.6492e+01      2  UZ      6.0189e+00   6.0189e+00   1.5000e-02
    9  00:00:01   1.6230e+01      3  UZ      5.9506e+00   5.9506e+00   2.0000e-02
   10  00:00:01   1.6219e+01      4          5.9340e+00   5.9340e+00   2.1365e-02
   13  00:00:02   1.6044e+01      5  UZ      5.8927e+00   5.8927e+00   2.5000e-02
   15  00:00:02   1.6036e+01      6  UZ      5.8412e+00   5.8412e+00   3.0000e-02
   17  00:00:03   1.5869e+01      7  UZ      5.7944e+00   5.7944e+00   3.5000e-02
   19  00:00:03   1.5871e+01      8  UZ      5.7511e+00   5.7511e+00   4.0000e-02
   20  00:00:03   1.5875e+01      9  UZ      5.7108e+00   5.7108e+00   4.5000e-02
   20  00:00:03   1.5880e+01     10          5.6817e+00   5.6817e+00   4.8809e-02
   21  00:00:04   1.5703e+01     11  UZ      5.6728e+00   5.6728e+00   5.0000e-02
   21  00:00:04   1.5708e+01     12  UZ      5.6370e+00   5.6370e+00   5.5000e-02
   22  00:00:04   1.5714e+01     13  UZ      5.6029e+00   5.6029e+00   6.0000e-02
   23  00:00:04   1.5721e+01     14  UZ      5.5705e+00   5.5705e+00   6.5000e-02
   23  00:00:04   1.5729e+01     15  UZ      5.5394e+00   5.5394e+00   7.0000e-02
   24  00:00:05   1.5738e+01     16  UZ      5.5096e+00   5.5096e+00   7.5000e-02
   24  00:00:05   1.5748e+01     17  UZ      5.4810e+00   5.4810e+00   8.0000e-02
   25  00:00:05   1.5758e+01     18  UZ      5.4534e+00   5.4534e+00   8.5000e-02
   25  00:00:05   1.5768e+01     19  UZ      5.4268e+00   5.4268e+00   9.0000e-02
   25  00:00:05   1.5780e+01     20  UZ      5.4010e+00   5.4010e+00   9.5000e-02
   26  00:00:06   1.5579e+01     21  UZ      5.3761e+00   5.3761e+00   1.0000e-01
   30  00:00:06   1.5875e+01     22          4.9567e+00   4.9567e+00   2.1121e-01
   32  00:00:06   1.5752e+01     23  EP      4.8332e+00   4.8332e+00   2.5565e-01

 STEP      TIME        ||U||  LABEL  TYPE     po.period            T            A
    0  00:00:06   1.6492e+01     24  EP      6.0189e+00   6.0189e+00   1.5000e-02
   10  00:00:07   1.6487e+01     25          6.0600e+00   6.0600e+00   1.2536e-02
   16  00:00:08   1.6292e+01     26  FP      6.0695e+00   6.0695e+00   1.2051e-02
   20  00:00:08   1.6376e+01     27          6.0639e+00   6.0639e+00   1.2291e-02
   29  00:00:09   1.6221e+01     28  UZ      5.9882e+00   5.9882e+00   1.5000e-02
   30  00:00:09   1.6284e+01     29          5.9458e+00   5.9458e+00   1.6346e-02
   34  00:00:10   1.6275e+01     30  UZ      5.8219e+00   5.8219e+00   2.0000e-02
   37  00:00:10   1.6330e+01     31  UZ      5.6424e+00   5.6424e+00   2.5000e-02
   40  00:00:10   1.6663e+01     32  UZ      5.4622e+00   5.4622e+00   3.0000e-02
   40  00:00:10   1.6747e+01     33          5.4224e+00   5.4224e+00   3.1119e-02
   42  00:00:11   1.7042e+01     34  UZ      5.2875e+00   5.2875e+00   3.5000e-02
   45  00:00:11   1.7500e+01     35  UZ      5.1217e+00   5.1217e+00   3.9999e-02
   47  00:00:11   1.7997e+01     36  UZ      4.9657e+00   4.9657e+00   4.5000e-02
   49  00:00:12   1.8498e+01     37  EP      4.8332e+00   4.8332e+00   4.9531e-02
