
    STEP   DAMPING               NORMS              COMPUTATION TIMES
  IT SIT     GAMMA     ||d||     ||f||     ||U||   F(x)  DF(x)  SOLVE
   0                          6.86e-01  3.17e+02    0.0    0.0    0.0
   1   1  1.00e+00  1.55e+00  1.71e-04  3.18e+02    0.1    0.1    0.0
   2   1  1.00e+00  6.83e-02  3.15e-07  3.18e+02    0.1    0.1    0.1
   3   1  1.00e+00  1.73e-05  1.11e-13  3.18e+02    0.1    0.2    0.1
   4   1  1.00e+00  1.91e-12  1.08e-13  3.18e+02    0.1    0.2    0.1

 STEP      TIME        ||U||  LABEL  TYPE            om
    0  00:00:01   3.1801e+02      1  EP      1.1003e+00
    9  00:00:09   3.2449e+02      2  SN      1.0760e+00
    9  00:00:09   3.2449e+02      3  BP      1.0760e+00
   10  00:00:10   3.2017e+02      4          1.0469e+00
   20  00:00:15   3.1128e+02      5          8.8838e-01
   27  00:00:21   3.0376e+02      6  SN      8.5440e-01
   27  00:00:21   3.0376e+02      7  BP      8.5440e-01
   30  00:00:22   3.1551e+02      8          8.3855e-01
   39  00:00:28   3.7485e+02      9  SN      8.1949e-01
   39  00:00:28   3.7485e+02     10  FP      8.1949e-01
   40  00:00:29   3.8572e+02     11          8.2028e-01
   50  00:00:34   4.9340e+02     12          8.5926e-01
   60  00:00:40   6.0716e+02     13          9.3895e-01
   70  00:00:45   7.5514e+02     14          1.0157e+00
   80  00:00:52   8.4402e+02     15          1.0719e+00
   90  00:00:57   9.4490e+02     16          1.1036e+00
   98  00:01:02   9.5892e+02     17  FP      1.1110e+00
   98  00:01:03   9.5892e+02     18  SN      1.1110e+00
  100  00:01:06   9.5856e+02     19          1.1104e+00
  110  00:01:13   9.3490e+02     20          1.0939e+00
  120  00:01:19   8.7472e+02     21          1.0558e+00
  130  00:01:25   7.8767e+02     22          9.9807e-01
  140  00:01:32   6.7572e+02     23          9.2119e-01
  150  00:01:39   5.3407e+02     24          8.2600e-01
